1.493780 0.651909 2.160547 1.149419 3.001463 0.821913
2.773606 1.183900 5.229705 2.507689 4.593163 1.271105
3.391163 1.522003 6.459508 3.203227 7.562715 1.949814
4.144026 2.386296 9.026933 4.372336 8.235796 2.290134
5.825544 2.796380 11.398708 5.397045 11.752772 2.512597
6.625690 3.460423 12.577870 6.377438 12.245516 3.466862
7.547796 3.644440 15.743720 7.532308 15.845844 3.782614
8.192501 4.397531 16.713865 8.904972 17.560018 4.497102
9.291699 4.969769 19.099082 9.387646 19.513774 4.712359
10.066175 5.138588 21.126736 10.779456 20.863209 5.161863
